0 0.8048554609374999 0.5662946421874999 0.90019103125 0.5662946421874999 0.90019103125 0.482991071875 0.8048554609374999 0.482991071875 0.8048554609374999 0.5662946421874999
0 0.6642139703125001 0.695461309375 0.7693481984375 0.695461309375 0.7693481984375 0.6084077375 0.6642139703125001 0.6084077375 0.6642139703125001 0.695461309375
0 0.5118708046875 0.7821577375000001 0.6342365765625 0.7821577375000001 0.6342365765625 0.665818453125 0.5118708046875 0.665818453125 0.5118708046875 0.7821577375000001
0 0.0517281875 0.806130953125 0.0517281875 1 0.519177853125 1 0.519177853125 0.806130953125 0.0517281875 0.806130953125
0 0.2932969796875 0.656369046875 0.40411912812499995 0.656369046875 0.40411912812499995 0.5892857140625 0.2932969796875 0.5892857140625 0.2932969796875 0.656369046875
0 0.017214765625 0.7566369046875 0.1524496640625 0.7566369046875 0.1524496640625 0.62967261875 0.017214765625 0.62967261875 0.017214765625 0.7566369046875
0 0.0315855703125 0.6257886906250001 0.152441275 0.6257886906250001 0.152441275 0.5318898812499999 0.0315855703125 0.5318898812499999 0.0315855703125 0.6257886906250001
0 0.19359899375 0.5662797625 0.26509228125 0.5662797625 0.26509228125 0.5021130953124999 0.19359899375 0.5021130953124999 0.19359899375 0.5662797625
0 0.2233137578125 0.4931845234375 0.35138422812500003 0.4931845234375 0.35138422812500003 0.42133928593750003 0.2233137578125 0.42133928593750003 0.2233137578125 0.4931845234375
0 0.08240771875 0.51529761875 0.184807046875 0.51529761875 0.184807046875 0.44898809531249995 0.08240771875 0.44898809531249995 0.08240771875 0.51529761875
0 0.4265520140625 0.544196428125 0.53955536875 0.544196428125 0.53955536875 0.468125 0.4265520140625 0.468125 0.4265520140625 0.544196428125
0 0.49836665625 0.6325744046875 0.5943565890625 0.6325744046875 0.5943565890625 0.570163690625 0.49836665625 0.570163690625 0.49836665625 0.6325744046875
0 0.6268959734374999 0.5509821421875001 0.7037416109375 0.5509821421875001 0.7037416109375 0.493601190625 0.6268959734374999 0.493601190625 0.6268959734374999 0.5509821421875001
0 0.5597986578125 0.4575 0.643825503125 0.4575 0.643825503125 0.40857142812499997 0.5597986578125 0.40857142812499997 0.5597986578125 0.4575
0 0.7068140625 0.40182329375 0.7841462765625 0.40182329375 0.7841462765625 0.35628757968749997 0.7068140625 0.35628757968749997 0.7068140625 0.40182329375
0 0.741591978125 0.3538244046875 0.776742984375 0.3538244046875 0.776742984375 0.332068453125 0.741591978125 0.332068453125 0.741591978125 0.3538244046875
0 0.48885067187500003 0.401413690625 0.5982634234375 0.401413690625 0.5982634234375 0.3490625 0.48885067187500003 0.3490625 0.48885067187500003 0.401413690625
0 0.2885151 0.34532738125 0.3106459734375 0.34532738125 0.3106459734375 0.3235416671875 0.2885151 0.3235416671875 0.2885151 0.34532738125
0 0.5283203125 0.4122721375 0.5332031234375 0.4036109546875 0.4912109375 0.3880208328125 0.4667968765625 0.407075428125 0.4746093765625 0.4174688421875 0.5283203125 0.4122721375