0 0.1951445390625 0.482991071875 0.09980896875 0.482991071875 0.09980896875 0.5662946421874999 0.1951445390625 0.5662946421874999 0.1951445390625 0.482991071875
0 0.33578602968750004 0.6084077375 0.2306518015625 0.6084077375 0.2306518015625 0.695461309375 0.33578602968750004 0.695461309375 0.33578602968750004 0.6084077375
0 0.48812919531250004 0.665818453125 0.3657634234375 0.665818453125 0.3657634234375 0.7821577375000001 0.48812919531250004 0.7821577375000001 0.48812919531250004 0.665818453125
0 0.480822146875 0.806130953125 0.480822146875 1 0.9482718125 1 0.9482718125 0.806130953125 0.480822146875 0.806130953125
0 0.7067030203125 0.5892857140625 0.595880871875 0.5892857140625 0.595880871875 0.656369046875 0.7067030203125 0.656369046875 0.7067030203125 0.5892857140625
0 0.9827852343749999 0.62967261875 0.8475503359375001 0.62967261875 0.8475503359375001 0.7566369046875 0.9827852343749999 0.7566369046875 0.9827852343749999 0.62967261875
0 0.9684144296874999 0.5318898812499999 0.8475587250000001 0.5318898812499999 0.8475587250000001 0.6257886906250001 0.9684144296874999 0.6257886906250001 0.9684144296874999 0.5318898812499999
0 0.80640100625 0.5021130953124999 0.7349077187499999 0.5021130953124999 0.7349077187499999 0.5662797625 0.80640100625 0.5662797625 0.80640100625 0.5021130953124999
0 0.7766862421875 0.42133928593750003 0.6486157718750001 0.42133928593750003 0.6486157718750001 0.4931845234375 0.7766862421875 0.4931845234375 0.7766862421875 0.42133928593750003
0 0.9175922812499999 0.44898809531249995 0.815192953125 0.44898809531249995 0.815192953125 0.51529761875 0.9175922812499999 0.51529761875 0.9175922812499999 0.44898809531249995
0 0.5734479859375 0.468125 0.46044463125 0.468125 0.46044463125 0.544196428125 0.5734479859375 0.544196428125 0.5734479859375 0.468125
0 0.50163334375 0.570163690625 0.4056434109375 0.570163690625 0.4056434109375 0.6325744046875 0.50163334375 0.6325744046875 0.50163334375 0.570163690625
0 0.37310402656249997 0.493601190625 0.2962583890625 0.493601190625 0.2962583890625 0.5509821421875001 0.37310402656249997 0.5509821421875001 0.37310402656249997 0.493601190625
0 0.4402013421875 0.40857142812499997 0.35617449687499997 0.40857142812499997 0.35617449687499997 0.4575 0.4402013421875 0.4575 0.4402013421875 0.40857142812499997
0 0.2931859375 0.35628757968749997 0.21585372343749998 0.35628757968749997 0.21585372343749998 0.40182329375 0.2931859375 0.40182329375 0.2931859375 0.35628757968749997
0 0.258408021875 0.332068453125 0.223257015625 0.332068453125 0.223257015625 0.3538244046875 0.258408021875 0.3538244046875 0.258408021875 0.332068453125
0 0.5111493281249999 0.3490625 0.40173657656249995 0.3490625 0.40173657656249995 0.401413690625 0.5111493281249999 0.401413690625 0.5111493281249999 0.3490625
0 0.7114849000000001 0.3235416671875 0.6893540265625 0.3235416671875 0.6893540265625 0.34532738125 0.7114849000000001 0.34532738125 0.7114849000000001 0.3235416671875
0 0.4667968765625 0.4036109546875 0.4716796875 0.4122721375 0.5253906234375 0.4174688421875 0.5332031234375 0.407075428125 0.5087890625 0.3880208328125 0.4667968765625 0.4036109546875