0 0.9125 0.5375 0.165625 0.1515625
0 0.56640625 0.65625 0.334375 0.25703125
0 0.1734375 0.70546875 0.34609375 0.43046875
0 0.334375 0.9484375 0.20703125 0.103125
0 0.85703125 0.384375 0.07421875 0.053125
0 0.9578125 0.365625 0.08203125 0.0484375
0 0.9734375 0.2953125 0.053125 0.05078125
0 0.7484375 0.34375 0.06015625 0.040625
0 0.7390625 0.28828125 0.05078125 0.03828125
0 0.6296875 0.3234375 0.053125 0.06484375
0 0.50703125 0.328125 0.06015625 0.04296875
0 0.5359375 0.4015625 0.0671875 0.05078125
0 0.4265625 0.39921875 0.08203125 0.0625
0 0.24140625 0.3390625 0.14921875 0.09140625
0 0.47109375 0.17890625 0.11796875 0.053125
0 0.3139915480769231 0.2126689951923077 0.27041849278846153 0.20985701201923077 0.25074036298076924 0.1901729014423077 0.23106207932692308 0.1986089278846154 0.23809012499999999 0.2351651298076923 0.25074036298076924 0.24641317548076924 0.30134131009615384 0.2590672331730769 0.33929202163461536 0.2745333125 0.38848726682692314 0.2942173870192308 0.4222213365384616 0.292811375 0.4362771201923078 0.28859338221153846 0.45595525 0.2689092716346154 0.45033290625000005 0.26187925480769236 0.4404939182692308 0.2379771105769231 0.4362771201923078 0.22954108653846156 0.4067598485576923 0.2225110697115385 0.3139915480769231 0.2126689951923077
0 0.06953125 0.3765625 0.1390625 0.21875
0 0.146875 0.18125 0.10546875 0.0671875
0 0.359375 0.16015625 0.1078125 0.02890625
0 0.1984375 0.26171875 0.0453125 0.03828125
0 0.1703125 0.228125 0.03828125 0.03359375
0 0.103125 0.234375 0.09140625 0.04296875
0 0.11640625 0.2671875 0.06484375 0.02421875
0 0.17890625 0.30078125 0.0359375 0.01953125
0 0.5109375 0.27890625 0.0453125 0.03359375
0 0.82578125 0.23828125 0.0625 0.0171875
0 0.55859375 0.24296875 0.0671875 0.0484375