0 0.0875 0.5375 0.165625 0.1515625
0 0.43359375 0.65625 0.334375 0.25703125
0 0.8265625 0.70546875 0.34609375 0.43046875
0 0.665625 0.9484375 0.20703125 0.103125
0 0.14296875 0.384375 0.07421875 0.053125
0 0.0421875 0.365625 0.08203125 0.0484375
0 0.0265625 0.2953125 0.053125 0.05078125
0 0.2515625 0.34375 0.06015625 0.040625
0 0.2609375 0.28828125 0.05078125 0.03828125
0 0.3703125 0.3234375 0.053125 0.06484375
0 0.49296875 0.328125 0.06015625 0.04296875
0 0.4640625 0.4015625 0.0671875 0.05078125
0 0.5734375 0.39921875 0.08203125 0.0625
0 0.75859375 0.3390625 0.14921875 0.09140625
0 0.52890625 0.17890625 0.11796875 0.053125
0 0.6607079783653846 0.2745333125 0.6986586899038463 0.2590672331730769 0.7492596370192308 0.24641317548076924 0.761909875 0.2351651298076923 0.768937920673077 0.1986089278846154 0.7492596370192308 0.1901729014423077 0.7295815072115385 0.20985701201923077 0.686008451923077 0.2126689951923077 0.5932401514423077 0.2225110697115385 0.5637228798076923 0.22954108653846156 0.5595060817307693 0.2379771105769231 0.54966709375 0.26187925480769236 0.5440447500000001 0.2689092716346154 0.5637228798076923 0.28859338221153846 0.5777786634615384 0.292811375 0.611512733173077 0.2942173870192308 0.6607079783653846 0.2745333125
0 0.93046875 0.3765625 0.1390625 0.21875
0 0.853125 0.18125 0.10546875 0.0671875
0 0.640625 0.16015625 0.1078125 0.02890625
0 0.8015625 0.26171875 0.0453125 0.03828125
0 0.8296875 0.228125 0.03828125 0.03359375
0 0.896875 0.234375 0.09140625 0.04296875
0 0.88359375 0.2671875 0.06484375 0.02421875
0 0.82109375 0.30078125 0.0359375 0.01953125
0 0.4890625 0.27890625 0.0453125 0.03359375
0 0.17421875 0.23828125 0.0625 0.0171875
0 0.44140625 0.24296875 0.0671875 0.0484375