0 0.309375 0.78359375 0.553125 0.328125
0 0.52421875 0.59765625 0.171875 0.06875
0 0.440625 0.5125 0.15 0.071875
0 0.63671875 0.540625 0.0546875 0.034375
0 0.5625 0.45078125 0.0859375 0.059375
0 0.7359375 0.39453125 0.146875 0.0609375
0 0.6015625 0.3671875 0.1265625 0.034375
0 0.63828125 0.41015625 0.0921875 0.0265625
0 0.66640625 0.4484375 0.1171875 0.0578125
0 0.6046875 0.4765625 0.10625 0.046875
0 0.66796875 0.5140625 0.1 0.0578125
0 0.790625 0.43515625 0.075 0.04375
0 0.728125 0.84921875 0.15 0.125