0 0.23203125 0.2859375 0.384375 0.571875
0 0.4 0.5140625 0.0859375 0.178125
0 0.49375 0.43828125 0.0875 0.15625
0 0.4453125 0.63203125 0.0390625 0.05625
0 0.5421875 0.5671875 0.06875 0.0921875
0 0.58046875 0.7453125 0.0765625 0.153125
0 0.62109375 0.61484375 0.046875 0.128125
0 0.575 0.646875 0.0359375 0.09375
0 0.53359375 0.67109375 0.0703125 0.121875
0 0.5140625 0.60625 0.0578125 0.1109375
0 0.46796875 0.66875 0.065625 0.1046875
0 0.534375 0.79609375 0.0515625 0.0796875
0 0.13046875 0.6890625 0.140625 0.1625