0 0.19765625 0.33984375 0.384375 0.584375
0 0.40546875 0.534375 0.0859375 0.178125
0 0.48125 0.440625 0.0875 0.15625
0 0.47421875 0.63984375 0.0390625 0.05625
0 0.55546875 0.55703125 0.06875 0.0921875
0 0.6296875 0.7234375 0.0765625 0.153125
0 0.64296875 0.5875 0.046875 0.128125
0 0.60390625 0.628125 0.0359375 0.09375
0 0.56875 0.66015625 0.0703125 0.121875
0 0.534375 0.6015625 0.0578125 0.1109375
0 0.50390625 0.671875 0.065625 0.1046875
0 0.59453125 0.78203125 0.0515625 0.0796875
0 0.1765625 0.76171875 0.140625 0.1625