0 0.690625 0.78359375 0.553125 0.328125
0 0.47578125 0.59765625 0.171875 0.06875
0 0.559375 0.5125 0.15 0.071875
0 0.36328125 0.540625 0.0546875 0.034375
0 0.4375 0.45078125 0.0859375 0.059375
0 0.2640625 0.39453125 0.146875 0.0609375
0 0.3984375 0.3671875 0.1265625 0.034375
0 0.36171875 0.41015625 0.0921875 0.0265625
0 0.33359375 0.4484375 0.1171875 0.0578125
0 0.3953125 0.4765625 0.10625 0.046875
0 0.33203125 0.5140625 0.1 0.0578125
0 0.209375 0.43515625 0.075 0.04375
0 0.271875 0.84921875 0.15 0.125