0 0.56015625 0.825 0.2203125 0.18125
0 0.5578125 0.51171875 0.178125 0.109375
0 0.64296875 0.40625 0.134375 0.0546875
0 0.65625 0.33515625 0.1140625 0.040625
0 0.53828125 0.371875 0.125 0.05625
0 0.3984375 0.43046875 0.0953125 0.0453125
0 0.35390625 0.35 0.075 0.0296875
0 0.396875 0.3796875 0.08125 0.0453125
0 0.1109375 0.76484375 0.096875 0.08125
0 0.46875 0.33671875 0.065625 0.0359375
0 0.5578125 0.32890625 0.059375 0.025
0 0.58515625 0.29765625 0.078125 0.0359375
0 0.55 0.28125 0.0828125 0.028125
0 0.6078125 0.2390625 0.059375 0.021875