0 0.43984375 0.825 0.2203125 0.18125
0 0.4421875 0.51171875 0.178125 0.109375
0 0.35703125 0.40625 0.134375 0.0546875
0 0.34375 0.33515625 0.1140625 0.040625
0 0.46171875 0.371875 0.125 0.05625
0 0.6015625 0.43046875 0.0953125 0.0453125
0 0.64609375 0.35 0.075 0.0296875
0 0.603125 0.3796875 0.08125 0.0453125
0 0.8890625 0.76484375 0.096875 0.08125
0 0.53125 0.33671875 0.065625 0.0359375
0 0.4421875 0.32890625 0.059375 0.025
0 0.41484375 0.29765625 0.078125 0.0359375
0 0.45 0.28125 0.0828125 0.028125
0 0.3921875 0.2390625 0.059375 0.021875