0 0.49375 0.9203125 0.284375 0.08125
0 0.28359375 0.83671875 0.1109375 0.0421875
0 0.409375 0.77578125 0.190625 0.0625
0 0.340625 0.72109375 0.09375 0.01875
0 0.365625 0.60390625 0.1140625 0.046875
0 0.5359375 0.69609375 0.1109375 0.065625
0 0.5921875 0.84921875 0.2234375 0.0375
0 0.74609375 0.76484375 0.071875 0.0390625
0 0.7296875 0.6765625 0.1 0.0125
0 0.68984375 0.62265625 0.053125 0.021875
0 0.5859375 0.55859375 0.0609375 0.021875
0 0.50234375 0.5078125 0.0875 0.0296875
0 0.08671875 0.6625 0.128125 0.078125