0 0.68359375 0.15546875 0.0921875 0.1421875
0 0.61171875 0.2109375 0.115625 0.178125
0 0.71015625 0.3984375 0.0859375 0.075
0 0.59140625 0.35703125 0.0625 0.071875
0 0.259375 0.284375 0.153125 0.1765625
0 0.2 0.40078125 0.18125 0.165625
0 0.39765625 0.51328125 0.0921875 0.1046875
0 0.4875 0.471875 0.0859375 0.0890625
0 0.64921875 0.49375 0.0796875 0.0984375
0 0.75390625 0.490625 0.065625 0.075
0 0.64765625 0.60234375 0.05 0.0484375
0 0.57421875 0.59140625 0.034375 0.0375
0 0.49375 0.596875 0.1296875 0.1171875
0 0.73984375 0.596875 0.0375 0.0390625
0 0.77109375 0.6546875 0.0453125 0.040625
0 0.68515625 0.66875 0.0625 0.059375
0 0.59296875 0.671875 0.0640625 0.0515625
0 0.78046875 0.5609375 0.040625 0.03125
0 0.8015625 0.61328125 0.0421875 0.0375