0 0.41796875 0.78828125 0.1859375 0.096875
0 0.2796875 0.96796875 0.1328125 0.059375
0 0.27578125 0.67421875 0.2390625 0.059375
0 0.2078125 0.6125 0.1734375 0.0671875
0 0.3609375 0.62421875 0.090625 0.03125
0 0.515625 0.56171875 0.1984375 0.0578125
0 0.5515625 0.60859375 0.165625 0.04375
0 0.7234375 0.5078125 0.128125 0.05
0 0.37734375 0.51484375 0.2234375 0.03125
0 0.26171875 0.471875 0.08125 0.0328125
0 0.2734375 0.41484375 0.0765625 0.0265625
0 0.446875 0.43984375 0.0984375 0.0296875
0 0.328125 0.39296875 0.09375 0.0265625
0 0.4109375 0.34765625 0.065625 0.0234375
0 0.60703125 0.37578125 0.075 0.01875
0 0.57734375 0.4765625 0.20625 0.040625
0 0.3390625 0.2875 0.0578125 0.0203125