0 0.29765625 0.76875 0.1953125 0.1546875
0 0.50703125 0.5875 0.121875 0.0671875
0 0.55390625 0.7171875 0.1390625 0.1046875
0 0.5375 0.84453125 0.19375 0.0734375
0 0.821875 0.8671875 0.2625 0.1921875
0 0.83125 0.58515625 0.1359375 0.0828125
0 0.26015625 0.51484375 0.1390625 0.053125
0 0.1234375 0.640625 0.1484375 0.0796875
0 0.640625 0.45859375 0.1578125 0.0734375
0 0.3859375 0.4515625 0.0984375 0.0546875
0 0.46484375 0.4125 0.0671875 0.025
0 0.49453125 0.32890625 0.0828125 0.0234375
0 0.6421875 0.325 0.1046875 0.0296875
0 0.44140625 0.25078125 0.0546875 0.028125
0 0.49921875 0.25546875 0.0609375 0.0203125
0 0.590625 0.275 0.0953125 0.0265625
0 0.67109375 0.22109375 0.059375 0.0140625
0 0.84375 0.48203125 0.1921875 0.084375