0 0.50625 0.9203125 0.284375 0.08125
0 0.71640625 0.83671875 0.1109375 0.0421875
0 0.590625 0.77578125 0.190625 0.0625
0 0.659375 0.72109375 0.09375 0.01875
0 0.634375 0.60390625 0.1140625 0.046875
0 0.4640625 0.69609375 0.1109375 0.065625
0 0.4078125 0.84921875 0.2234375 0.0375
0 0.25390625 0.76484375 0.071875 0.0390625
0 0.2703125 0.6765625 0.1 0.0125
0 0.31015625 0.62265625 0.053125 0.021875
0 0.4140625 0.55859375 0.0609375 0.021875
0 0.49765625 0.5078125 0.0875 0.0296875
0 0.91328125 0.6625 0.128125 0.078125