0 0.25234375 0.803125 0.06875 0.13125
0 0.33515625 0.7625 0.0859375 0.1640625
0 0.27421875 0.559375 0.0765625 0.0625
0 0.3828125 0.62265625 0.0515625 0.0625
0 0.6953125 0.7578125 0.1265625 0.1546875
0 0.77578125 0.6546875 0.1578125 0.1375
0 0.603125 0.50625 0.0765625 0.0921875
0 0.50859375 0.53046875 0.071875 0.0765625
0 0.35234375 0.47734375 0.0640625 0.0890625
0 0.24921875 0.4609375 0.0546875 0.0671875
0 0.375 0.37109375 0.04375 0.0421875
0 0.44453125 0.39609375 0.0296875 0.0328125
0 0.52421875 0.40625 0.1125 0.096875
0 0.2828125 0.359375 0.03125 0.0359375
0 0.26328125 0.29609375 0.0390625 0.034375
0 0.35078125 0.29921875 0.0546875 0.0515625
0 0.44140625 0.31328125 0.0578125 0.0390625
0 0.2359375 0.38671875 0.0359375 0.0265625
0 0.22578125 0.33125 0.0375 0.03125