0 0.75546875 0.7953125 0.140625 0.090625
0 0.7296875 0.7078125 0.1765625 0.1125
0 0.51953125 0.7328125 0.075 0.084375
0 0.60078125 0.63671875 0.0703125 0.0609375
0 0.7875 0.35234375 0.175 0.1515625
0 0.7 0.25546875 0.1625 0.1796875
0 0.52421875 0.39921875 0.1046875 0.0921875
0 0.5296875 0.496875 0.0875 0.084375
0 0.45234375 0.64140625 0.096875 0.078125
0 0.41796875 0.73984375 0.0734375 0.065625
0 0.35 0.60078125 0.046875 0.05
0 0.38828125 0.53671875 0.0375 0.0328125
0 0.41171875 0.46015625 0.115625 0.128125
0 0.3234375 0.68984375 0.0390625 0.0375
0 0.2578125 0.69765625 0.040625 0.04375
0 0.2765625 0.61171875 0.059375 0.0625
0 0.30625 0.525 0.05 0.0640625
0 0.34296875 0.740625 0.03125 0.0390625
0 0.2859375 0.740625 0.0375 0.0421875