0 0.7953125 0.5515625 0.115625 0.19375
0 0.97578125 0.66953125 0.0484375 0.1390625
0 0.696875 0.703125 0.084375 0.24375
0 0.6421875 0.77890625 0.0828125 0.1796875
0 0.63828125 0.625 0.040625 0.09375
0 0.559375 0.478125 0.0765625 0.2015625
0 0.60234375 0.4359375 0.0609375 0.16875
0 0.484375 0.27734375 0.0625 0.1328125
0 0.52734375 0.6203125 0.0546875 0.225
0 0.496875 0.73984375 0.0390625 0.084375
0 0.4390625 0.734375 0.034375 0.0796875
0 0.44609375 0.559375 0.0375 0.1015625
0 0.41171875 0.68203125 0.0359375 0.0953125
0 0.3578125 0.6046875 0.0296875 0.0671875
0 0.365625 0.40625 0.0265625 0.0765625
0 0.46875 0.42578125 0.0625 0.209375
0 0.30546875 0.68203125 0.0265625 0.059375