0 0.74609375 0.803125 0.06875 0.13125
0 0.66484375 0.7625 0.0859375 0.1640625
0 0.72578125 0.559375 0.075 0.0625
0 0.6171875 0.62265625 0.0515625 0.0625
0 0.3046875 0.7578125 0.1265625 0.1546875
0 0.22421875 0.6546875 0.1578125 0.1375
0 0.396875 0.50625 0.0765625 0.0921875
0 0.49140625 0.53046875 0.071875 0.0765625
0 0.64765625 0.47734375 0.0640625 0.0890625
0 0.75078125 0.4609375 0.0546875 0.065625
0 0.625 0.37109375 0.0421875 0.0421875
0 0.55546875 0.39609375 0.0296875 0.0328125
0 0.47578125 0.40625 0.1125 0.0953125
0 0.7171875 0.359375 0.0328125 0.0359375
0 0.73671875 0.29609375 0.0390625 0.034375
0 0.64921875 0.29921875 0.0546875 0.0515625
0 0.55859375 0.31328125 0.0578125 0.0390625
0 0.7640625 0.38671875 0.0359375 0.0265625
0 0.77421875 0.33125 0.0359375 0.0296875