0 0.24453125 0.7953125 0.140625 0.090625
0 0.2703125 0.7078125 0.1765625 0.1125
0 0.48046875 0.7328125 0.075 0.084375
0 0.39921875 0.63671875 0.0703125 0.0609375
0 0.2125 0.35234375 0.175 0.1515625
0 0.3 0.25546875 0.1625 0.1796875
0 0.47578125 0.39921875 0.1046875 0.0921875
0 0.4703125 0.496875 0.0875 0.084375
0 0.54765625 0.64140625 0.096875 0.078125
0 0.58203125 0.73984375 0.0734375 0.065625
0 0.65 0.60078125 0.046875 0.05
0 0.61171875 0.53671875 0.0375 0.0328125
0 0.58828125 0.46015625 0.115625 0.128125
0 0.6765625 0.68984375 0.0390625 0.0375
0 0.7421875 0.69765625 0.040625 0.04375
0 0.7234375 0.61171875 0.059375 0.0625
0 0.69375 0.525 0.05 0.0640625
0 0.65703125 0.740625 0.03125 0.0390625
0 0.7140625 0.740625 0.0375 0.0421875