0 0.31640625 0.15546875 0.0921875 0.1421875
0 0.38828125 0.2109375 0.115625 0.178125
0 0.28984375 0.3984375 0.0859375 0.075
0 0.40859375 0.35703125 0.0625 0.071875
0 0.740625 0.284375 0.153125 0.1765625
0 0.8 0.40078125 0.18125 0.165625
0 0.60234375 0.51328125 0.0921875 0.1046875
0 0.5125 0.471875 0.0859375 0.0890625
0 0.35078125 0.49375 0.0796875 0.0984375
0 0.24609375 0.490625 0.065625 0.075
0 0.35234375 0.60234375 0.05 0.0484375
0 0.42578125 0.59140625 0.034375 0.0375
0 0.50625 0.596875 0.1296875 0.1171875
0 0.26015625 0.596875 0.0375 0.0390625
0 0.22890625 0.6546875 0.0453125 0.040625
0 0.31484375 0.66875 0.0625 0.059375
0 0.40703125 0.671875 0.0640625 0.0515625
0 0.21953125 0.5609375 0.040625 0.03125
0 0.1984375 0.61328125 0.0421875 0.0375