0 0.3323986234375 0.9285216546875 0.30969844375 0.8710863 0.28165718281249996 0.845707915625 0.253615775 0.816322365625 0.21222137187499998 0.85505785 0.1988683765625 0.8604006921874999 0.1828446953125 0.8884504953125001 0.20554487500000002 0.940543009375 0.2108861015625 0.9605786265624999 0.2215685578125 1 0.28966895 1 0.29501017812499997 1 0.3043573625 0.9859570828124999 0.3323986234375 0.9285216546875
0 0.1574739734375 0.9752714015624999 0.166821159375 0.981949915625 0.17349765625 0.977942821875 0.1868506515625 0.931193075 0.18952119218750002 0.88177198125 0.1868506515625 0.85505785 0.181509425 0.840365075 0.1775034671875 0.840365075 0.1187502578125 0.8710863 0.120085528125 0.8750934671874999 0.1334385234375 0.9071503640625 0.144120978125 0.9285216546875 0.16014451406250002 0.9766071484375001 0.1574739734375 0.9752714015624999
0 0.18952119218750002 0.7936154015625 0.200203646875 0.7896082343749999 0.21222137187499998 0.7735797859375 0.22557436718749999 0.7455299078125 0.22824505468749998 0.7321728796875 0.21222137187499998 0.6814160390625 0.18551538125 0.673401778125 0.181509425 0.673401778125 0.1574739734375 0.7468656546875 0.1628152015625 0.7575512640625 0.17082696875 0.7802583000000001 0.18551538125 0.794951075 0.18952119218750002 0.7936154015625
0 0.32438685624999997 0.8136509453125 0.34041053906249996 0.8096438515625 0.3470870359375 0.79895816875 0.3497575765625 0.7575512640625 0.3444163484375 0.749537075 0.33640458125 0.73885139375 0.3323986234375 0.729501459375 0.3163750875 0.702787328125 0.30035140625 0.698780234375 0.28833368125000003 0.70946584375 0.2843277234375 0.72415861875 0.28833368125000003 0.7508727484375 0.28966895 0.7695726921875 0.3137044015625 0.804301009375 0.32438685624999997 0.8136509453125
0 0.9639969031250001 0.8470435890625 0.9733440140624999 0.8577292703125 1 0.8884504953125001 0.9973794640625 0.840365075 0.9893676234375001 0.8256722999999999 0.9786852421875001 0.8096438515625 0.9546497921875 0.7842653937499999 0.9212672296875001 0.77625120625 0.9172612718750001 0.8029653359375001 0.9733440140624999 0.8483793359374999 0.9639969031250001 0.8470435890625
0 0.9012376640624999 0.895129009375 0.8812080968749999 0.8644077859375001 0.8705257156249999 0.8430364953125 0.8491608796874999 0.8283437203125 0.833137196875 0.8430364953125 0.8304665828125 0.8684148796875 0.8518314921875 0.8991361765624999 0.8678551015625 0.9191717203125 0.905243546875 0.9579072046875 0.91192011875 0.9579072046875 0.9266084578125 0.9498930171875 0.9145907328125 0.9165003 0.9012376640624999 0.895129009375
0 0.67690676875 0.9191717203125 0.6542066625 0.8937933359375 0.624829984375 0.8617363656249999 0.5967885765625 0.8336865609374999 0.5700825859374999 0.8109795249999999 0.5727531265625 0.75354416875 0.588776809375 0.7428585609375 0.598123846875 0.7081301703125 0.598123846875 0.6774089453125 0.5941180375 0.6667232640625 0.588776809375 0.65603765625 0.5687473171875 0.63333061875 0.562070671875 0.629323525 0.5340294109375 0.634666365625 0.532694140625 0.69343739375 0.5166704578125 0.7188158515625 0.5126645015625 0.7562155890625 0.526017496875 0.812315271875 0.526017496875 0.8189937859375 0.5073232734374999 0.85505785 0.5420411796875 0.9205074671875 0.55940013125 0.9298574015625001 0.5660766296874999 0.9619143734375 0.5634060890625 0.996642690625 0.5780943546875 1 0.715630559375 0.9872927562499999 0.711624675 0.9872927562499999 0.6956009921875 0.9432144296875 0.67690676875 0.9191717203125
0 0.42453461406250004 0.6774089453125 0.433881653125 0.673401778125 0.45257587499999996 0.6466877203125 0.433881653125 0.605280815625 0.42186392812499995 0.5758952640625 0.40049916406249997 0.5705524234375 0.3791342546875 0.5612024890625 0.351092846875 0.5612024890625 0.33640458125 0.5785666843749999 0.34575161875 0.5986022265625001 0.36044003125 0.613295003125 0.39248725 0.6306591984375001 0.41652269999999997 0.6787446187499999 0.42453461406250004 0.6774089453125
0 0.331063353125 0.5919237125000001 0.35776934374999997 0.5571953953125 0.35376353437499997 0.5451740390625 0.35376353437499997 0.54250261875 0.3230515859375 0.5024313874999999 0.3056926328125 0.49842429218750006 0.28165718281249996 0.49842429218750006 0.268304040625 0.5171241625 0.2763159546875 0.5211313296875 0.28566299375000004 0.5558596484375 0.2936749078125 0.5772309375 0.3043573625 0.5785666843749999 0.319045628125 0.5772309375 0.331063353125 0.5919237125000001
0 0.244268590625 0.5799023578125 0.23225086562500002 0.57322384375 0.21489205937500003 0.5785666843749999 0.20688014531249999 0.5799023578125 0.196197690625 0.5919237125000001 0.2015389171875 0.61463075 0.208215415625 0.619973590625 0.22423909687500002 0.61863784375 0.236256821875 0.6079522359375 0.244268590625 0.5799023578125
0 0.3056926328125 0.4249604515625 0.32171616875 0.4142748078125 0.3257221265625 0.40492487343750005 0.327057396875 0.3888963875 0.3203808984375 0.379546453125 0.3043573625 0.3728679015625 0.28566299375000004 0.367525096875 0.26296295937499997 0.3742036109375 0.25228050468749996 0.3782107421875 0.25895700312500003 0.4009177421875 0.2642982296875 0.408932003125 0.2843277234375 0.4276318734375 0.29456297187499997 0.4314110875 0.3056926328125 0.4249604515625
0 0.41385215937500003 0.4236247421875 0.42052865781250004 0.4236247421875 0.44189342031249995 0.4156105171875 0.44723464843749994 0.40759629375 0.44189342031249995 0.38756067656250004 0.42987569531250003 0.3728679015625 0.42186392812499995 0.3661893875 0.41385215937500003 0.35550374218749997 0.40584024531249996 0.3474895171875 0.4085109328125 0.3274539015625 0.4085109328125 0.315432546875 0.40450497500000004 0.300739771875 0.3791342546875 0.2913898359375 0.3564340734375 0.29005412656249996 0.343081078125 0.2860470328125 0.331063353125 0.28203990156250003 0.2990161359375 0.2807041921875 0.277651225 0.29005412656249996 0.27364526875 0.300739771875 0.28566299375000004 0.3314610328125 0.31503967187500004 0.3327967421875 0.343081078125 0.348825190625 0.37245775625 0.3581751625 0.3791342546875 0.367525096875 0.38447548125000003 0.3701965171875 0.39649320625 0.3915678078125 0.411181471875 0.41828193750000003 0.41385215937500003 0.4236247421875
0 0.634177096875 0.4997600390625 0.6421889375000001 0.495752871875 0.6448595515625 0.4864029375 0.64085359375 0.47438158281250004 0.6315064828125 0.46770306875 0.6181534875 0.463695975 0.5941180375 0.4717101625 0.5914473499999999 0.49041003125 0.5954533078125 0.5051028078125 0.6194887578125 0.507774228125 0.634177096875 0.4997600390625
0 0.834472540625 0.835022234375 0.8558373765624999 0.816322365625 0.8665197578124999 0.80563675625 0.8718609859375 0.7856011406250001 0.8705257156249999 0.744194234375 0.869190371875 0.7268300390625 0.8585079906249999 0.7014516546875 0.8398137671875 0.6814160390625 0.8171135875 0.6547019093750001 0.8037605921875001 0.6400091328124999 0.7917428671875 0.6119593296875 0.8144429734375 0.5945951328125 0.8144429734375 0.57322384375 0.8024252484375 0.5625381625 0.7183011718750001 0.5224670031249999 0.7129599453125001 0.5304812640625001 0.715630559375 0.5358241046875001 0.731654240625 0.5652095828125 0.7183011718750001 0.5665453296875 0.7036128328125 0.5665453296875 0.646194821875 0.5785666843749999 0.6502007046875 0.5945951328125 0.6849186109375001 0.6266521046875 0.7036128328125 0.6440163 0.753019078125 0.6894302999999999 0.7503484640625 0.7188158515625 0.730318896875 0.7321728796875 0.731654240625 0.7508727484375 0.7677074171875 0.8029653359375001 0.8198033578125001 0.8232380109375 0.834472540625 0.835022234375
0 0.6542066625 0.4570173875 0.6515360484375 0.4476674515625 0.6435242078125001 0.43564609687500006 0.6315064828125 0.4156105171875 0.6208241015625 0.41160338750000003 0.6141475296875 0.41160338750000003 0.6234946406249999 0.43564609687500006 0.6435242078125001 0.4556817140625 0.6475300921875 0.45835313437499997 0.6542066625 0.4570173875
0 0.5754238140625 0.597266553125 0.5901120796875 0.593259459375 0.5954533078125 0.582573778125 0.5941180375 0.5652095828125 0.5780943546875 0.551852553125 0.550052946875 0.5478454593750001 0.5393706390624999 0.5465097125 0.5153351890625 0.5478454593750001 0.513999771875 0.551852553125 0.5220116859374999 0.567881003125 0.538035221875 0.5839095249999999 0.57141785625 0.5905880390625 0.5754238140625 0.597266553125
0 0.5674119 0.38488925625000003 0.555394175 0.3782107421875 0.528688184375 0.3822178734375 0.530023453125 0.3888963875 0.54738240625 0.4009177421875 0.5634060890625 0.3929035171875 0.5674119 0.38488925625000003
0 0.6657591875 0.39467388593749997 0.661753303125 0.38933108125000004 0.6590826890625 0.38265253125 0.6497355781249999 0.37463830625 0.6337118953124999 0.36662408125 0.6163529421875 0.3759740171875 0.6096764453125 0.3813168203125 0.6150176734375 0.3920025015625 0.6657591875 0.4000167265625 0.6657591875 0.39467388593749997