0 0.7709953453125 0.9553498515625 0.7963907265625 0.9045167640624999 0.78185701875 0.8756667874999999 0.7688019453125 0.869632425 0.72949153125 0.8287836109375 0.69995063125 0.856661315625 0.6706195984375001 0.880537353125 0.64494459375 0.936705959375 0.6699414875 0.9955302406250001 0.6725899906249999 1 0.7564374 1 0.7646128546875001 0.975078471875 0.7709953453125 0.9553498515625
0 0.80424123125 0.85677678125 0.8002407625 0.856567125 0.7941378953125 0.8709602265624999 0.79007290625 0.8974979812500001 0.7901532859375 0.9469911109375 0.8010412890625 0.9943756296874999 0.8074989203125 0.9987266531250001 0.8171828234375 0.9925464859375 0.814446034375 0.9937406375 0.8329642109375 0.94655965 0.8447505124999999 0.9257767234375001 0.8597629375 0.8944626015624999 0.861306096875 0.890530809375 0.80424123125 0.85677678125
0 0.77788965625 0.696228584375 0.759231525 0.74607725 0.7611995 0.7595557453125 0.773066178125 0.7882660234375 0.78422856875 0.804901465625 0.7946866640625 0.8094622171875001 0.79861708125 0.8110057078124999 0.8140543250000001 0.7971018015625 0.8232435062500001 0.7748451875 0.82913665625 0.7644537609375 0.808978946875 0.6898326453125 0.80497848125 0.689622990625 0.77788965625 0.696228584375
0 0.7004136421875 0.7202565375 0.688971628125 0.7089566125 0.6727601921875 0.7121196000000001 0.65536050625 0.7379585140625 0.6508707015625 0.747085978125 0.64231066875 0.7573377125 0.6365573296875 0.7650613796875 0.637057140625 0.8065513031249999 0.6431652421875 0.8175717625000001 0.65895725 0.8224119796875 0.670114403125 0.8136339343750001 0.6959344546875 0.780211128125 0.698246571875 0.7616066953125 0.70364515 0.73513883125 0.7004136421875 0.7202565375
0 0.018476129687500002 0.82228425625 0.009071921875 0.8231289828125 0.0674545890625 0.7807123640625 0.06485223125 0.753825190625 0.031095989062500003 0.7600812859375 0.005765271875 0.7841670453125 0 0.79190681875 0 0.841370003125 0.008582584375 0.832466103125 0.018476129687500002 0.82228425625
0 0.150704965625 0.8506146953125 0.14936621249999998 0.8251313218749999 0.13413345000000002 0.8096200687499999 0.11202893437500001 0.8231745578125 0.10024270625000001 0.8439574875 0.0786327640625 0.8735883421875 0.06417950781250001 0.8942314984375 0.050430612500000006 0.9269494921874999 0.06467939218749999 0.935721425 0.0713468140625 0.9360708499999999 0.11071127812499999 0.8993452109375 0.1277615078125 0.8801757374999999 0.150704965625 0.8506146953125
0 0.3972853265625 0.6615690187500001 0.3927257609375 0.6720304078125 0.3911179375 0.7027095296875 0.398634621875 0.7378795125 0.414077103125 0.749389090625 0.4137380484375 0.8068854984374999 0.3858802640625 0.8281637328125001 0.356409271875 0.8547075218750001 0.325395121875 0.885183103125 0.3013979234375 0.9093386750000001 0.281471021875 0.9323700546874999 0.2631624171875 0.975549359375 0.25916202187500004 0.97533970625 0.39584469218749996 0.9952276250000001 0.4106885359375 0.992643640625 0.40983919531249996 0.9578231515625 0.4181842765625 0.9261595343750001 0.4360087765625 0.9177309109375 0.47410447031249997 0.854187984375 0.4573233140625 0.8171949656249999 0.457672840625 0.8105256046875 0.4739435671875 0.7552016453125 0.47190045156249993 0.7176435078125001 0.45722693437500006 0.691461215625 0.45896933281249996 0.6327008484375 0.4312461234375 0.6258977640625 0.42436891250000003 0.6295499375 0.4031784765625 0.6511775921875 0.3972853265625 0.6615690187500001
0 0.6454999906250001 0.5689118109375 0.6174970125 0.5674442375 0.5956720453125001 0.5756632046875 0.5740569375 0.5798805781249999 0.5605177625 0.6085968984375 0.5396820890625 0.6489686765625 0.5569525859375 0.6766245046875 0.566077096875 0.681115365625 0.5740081265625 0.6828685203125 0.6005272328125 0.6361069171875 0.6334393046875 0.6204437406250001 0.648876546875 0.6065398328125 0.6592593546875001 0.587020934375 0.6454999906250001 0.5689118109375
0 0.73048221875 0.5292267234375 0.7181260515625 0.50985363125 0.6941235421874999 0.5085957140625 0.6765786640625 0.5116888203125 0.6438116390624999 0.5500977953125 0.6436718265625 0.5527655546875 0.6390423578125 0.5645607890625 0.663894209375 0.6006391953125 0.676664425 0.586595515625 0.691262653125 0.58869815625 0.7020003765625 0.587923315625 0.711119796875 0.5670006265625 0.7222715656250001 0.5328090890625 0.73048221875 0.5292267234375
0 0.75773194375 0.6216075421875 0.7691739578125001 0.632907465625 0.785105771875 0.6350799968749999 0.7920527421875 0.6300938984375 0.79857504375 0.60769751875 0.788536378125 0.5951335624999999 0.780605346875 0.5933804078125 0.763549953125 0.5871364 0.751199171875 0.5931768015625 0.75773194375 0.6216075421875
0 0.7432958640625 0.3867815703125 0.720976465625 0.37892418125 0.7020280953125 0.3832812765625 0.685676990625 0.3891120671875 0.6785203046875 0.3980997671875 0.6790148796875 0.4141761703125 0.682526009375 0.4237229453125 0.6979683421875 0.435232553125 0.70874515 0.4422568296875 0.7191641609375 0.43901846562499997 0.7401448796875 0.4213924859375 0.7458982203125 0.413668746875 0.7537539609375 0.3913422875 0.7432958640625 0.3867815703125
0 0.60201249375 0.35262646875 0.593592128125 0.36021039843749997 0.5850320953125 0.370462096875 0.57668178125 0.37671215468749997 0.563911565625 0.390755834375 0.5575290749999999 0.41048445468750006 0.5624435515624999 0.4187672328125 0.5833596015625 0.4278886203125 0.59002695 0.42823804218749995 0.5929735984375 0.42304233125 0.60903984375 0.39713353749999997 0.6221595859375 0.37642049375000003 0.627633303125 0.3740322734375 0.6347899906250001 0.36504457343749996 0.6646157484375 0.357244871875 0.6934575890625 0.3427059640625 0.7228639125 0.3429095421875 0.7364729953125 0.3128593421875 0.733031771875 0.3019786859375 0.712185478125 0.2915234125 0.680112275 0.29118006875 0.6679013031250001 0.29455275 0.6543568921875 0.297855509375 0.6316179156249999 0.298001353125 0.6057926265625 0.306010675 0.6010231984375001 0.3204736578125 0.60039405 0.3324785375 0.60201249375 0.35262646875
0 0.3582282046875 0.4883170984375 0.36601934687500004 0.49273808125 0.380268125 0.501510015625 0.40441044687499994 0.500100175 0.40917987499999997 0.4856371890625 0.4074915234375 0.46682317500000003 0.38390844375 0.45756205312500003 0.3703640328125 0.4608648125 0.36068020624999997 0.467044984375 0.3560505890625 0.47884020937500005 0.3582282046875 0.4883170984375
0 0.1810372328125 0.5780088203125 0.20279745781249997 0.5965372515625 0.18932818906249999 0.6239196546875 0.1752245328125 0.637893453125 0.151157353125 0.6633829359375001 0.1314401671875 0.6824127140625 0.11944422343750001 0.7071972453125001 0.1172019375 0.7244677562499999 0.11370142812499999 0.7657480343749999 0.117986753125 0.7860357296875 0.128095253125 0.7972657671875 0.1484521328125 0.8170581578125 0.1637179515625 0.8060578093749999 0.2168034859375 0.788539409375 0.25553356875 0.7384050906249999 0.2578457578125 0.7198007343749999 0.23854269375 0.7054137453125 0.23741365937499997 0.675928696875 0.28912898125000003 0.6331626578125 0.3087063546875 0.616800640625 0.3450544140625 0.5866045953125 0.3498936703125 0.570807765625 0.2931834984375 0.5557978593749999 0.2785152890625 0.55502913125 0.265250428125 0.5529963687499999 0.28279006562500003 0.524489778125 0.2857366421875 0.519294028125 0.2808221703125 0.5110112124999999 0.1947162203125 0.5466247421875 0.1821557203125 0.55666681875 0.1810372328125 0.5780088203125
0 0.35485172187499997 0.45068908125 0.3589919265625 0.44823097343749996 0.380042628125 0.42927108125 0.3906352265625 0.40575051249999994 0.3839678046875 0.40540108750000003 0.373090346875 0.40884365312500004 0.3600405109375 0.42822281562500003 0.35141049999999996 0.4398083875 0.3482542078125 0.449005740625 0.35485172187499997 0.45068908125
0 0.44751161093749997 0.5451603203125 0.4192989171875 0.5476943484375 0.40259814218749995 0.5601944578125 0.4003559296875 0.5774649734375 0.40513059218749997 0.5884155484375 0.4195890140625 0.593185875 0.4239390078125 0.58672616875 0.45762541875 0.5818039203125001 0.47446586249999995 0.566635971875 0.48330566093750005 0.5510488 0.4821817890625 0.5469773078125 0.4582491875 0.544385471875 0.44751161093749997 0.5451603203125
0 0.442285803125 0.3897318703125 0.45786809375 0.398573728125 0.47583240625 0.3874773453125 0.47751537187500004 0.380877865625 0.45105569843750004 0.37547854375 0.4387049171875 0.38151894531249997 0.442285803125 0.3897318703125
0 0.332381821875 0.39467235624999997 0.383473228125 0.3893247203125 0.38936638281249997 0.378933221875 0.38297865625 0.3732483203125 0.36613283124999996 0.36300270156250003 0.349711675 0.37016732812500003 0.3399579421875 0.3776813796875 0.33694145937500003 0.3842110078125 0.33266144531249997 0.3893368390625 0.332381821875 0.39467235624999997