0 0.19246901562500002 0.7572736250000001 0.162122734375 0.730274840625 0.135781184375 0.7031363546875 0.0775885921875 0.68245446875 0.021166778125 0.712483115625 0.007458628125 0.7223146953125 0.007645034375 0.7276526703124999 0.010021703125 0.7957115781249999 0.049791875 0.8050117406249999 0.07000169375000001 0.8096504796874999 0.1228546984375 0.8305188296875 0.15032819687500001 0.8135259843749999 0.1552017703125 0.7999946609374999 0.19246901562500002 0.7572736250000001
0 0.0841593875 0.8706174203125 0.105890471875 0.8805475203125 0.13839385312500002 0.8927736109375 0.14244517968749998 0.8939682203125001 0.1710972328125 0.834178646875 0.1709574265625 0.8301751296875001 0.156087196875 0.8253499265625001 0.1292961375 0.823613321875 0.0799983515625 0.8280070078125 0.0337430953125 0.8429834109375 0.0299714484375 0.8497956859375 0.03697210625 0.8589041015625 0.0355439734375 0.8562818046875 0.0841593875 0.8706174203125
0 0.254373209375 0.8459678046875 0.265238715625 0.85093285625 0.33781901406250003 0.82434819375 0.3376792078125 0.8203446781249999 0.32873780468749997 0.79393465 0.2774526640625 0.779692115625 0.264196978125 0.7828273296875 0.2366302 0.79715111875 0.22103092968750002 0.8097209062499999 0.217399015625 0.8205367015625 0.21620395625 0.8245866875000001 0.23140039843750002 0.8387533812499999 0.254373209375 0.8459678046875
0 0.20238598593749998 0.6968020640625 0.237931971875 0.7196108734375 0.256667125 0.720292709375 0.2835047859375 0.7233639171874999 0.2980488046875 0.7188476296874999 0.3083084921875 0.706464303125 0.303744621875 0.690590228125 0.27648755 0.6755087640624999 0.26700350624999997 0.6718315546875 0.256044728125 0.6641975921875 0.24784901406249998 0.659139309375 0.20656053437500002 0.6632533031250001 0.1961143671875 0.6702986578125001 0.1926689328125 0.6864524249999999 0.20238598593749998 0.6968020640625
0 0.17383890156249998 0.032412775 0.15744740625 0.0222962859375 0.14248397343750002 0.0148020953125 0.094336390625 0.0138613125 0.12596918125 0.03942890625 0.1369745625 0.0483973984375 0.13531341875 0.039102598437500004 0.18265701406249998 0.09356624999999999 0.20921506406249998 0.08863042343750001 0.20004072343749998 0.055547887500000004 0.17383890156249998 0.032412775
0 0.0279959359375 0.10431154218750001 0.028228943750000002 0.110984046875 0.06824567031249999 0.14699786718750002 0.08882822500000001 0.1623124859375 0.12027643125000001 0.182592221875 0.14554615312500002 0.1790375421875 0.159670759375 0.16251085 0.1442413125 0.1416718 0.12251023125 0.1317417734375 0.0911087 0.1127965625 0.0692844125 0.10019747500000001 0.035492625 0.0893524609375 0.0279959359375 0.10431154218750001
0 0.036060971875 0.45008420156250006 0.06833142187499999 0.45563786093749997 0.078281478125 0.47265992968750004 0.1449028625 0.505072528125 0.1802925390625 0.48513107499999997 0.18696698437499998 0.48489799843750003 0.24349850625 0.4962850078125 0.2807356546875 0.4909762609375 0.30553943437500003 0.47407664374999997 0.36422806093750004 0.47069110781249995 0.3685890203125 0.442480465625 0.36435135625 0.4359477328125 0.34095913125 0.41672290624999997 0.33009362656249996 0.41175785468750004 0.3192746546875 0.40812741093750005 0.28857214375 0.409199565625 0.25419111562499996 0.4197529125 0.2440712359375 0.43613975624999995 0.18676406875 0.4408131359375 0.16313883906249999 0.41491587812499997 0.134127490625 0.387870475 0.1010648171875 0.359630465625 0.0749096703125 0.3378298796875 0.0502291890625 0.3199861234375 0.0056184953125 0.3055105125 0.005478690625 0.30150706875 0 0.3971439359375 0 0.44851727812500003 0.001447009375 0.45396511562499997 0.036060971875 0.45008420156250006
0 0.3731725359375 0.6120071968749999 0.3916445859375 0.643428890625 0.4068410296875 0.6575955859375 0.4271905734375 0.6662376984375 0.444031578125 0.6509523796875001 0.44305294687499996 0.622928053125 0.43296308437500003 0.6019024671875 0.426877878125 0.5807371796874999 0.39709081562500004 0.5697523171875 0.355056715625 0.5525145625000001 0.32901135 0.5721297046875 0.32533283125 0.581610896875 0.3242775828125 0.5896645453125 0.3731725359375 0.6120071968749999
0 0.42830900625 0.6982653953125 0.43001675156249997 0.7088947250000001 0.4516546328125 0.7161559109375 0.486688003125 0.7242852562500001 0.4909723421875 0.732152440625 0.509194803125 0.7181548171875 0.5083559765625 0.694134009375 0.5037455046875 0.6769254765625 0.4626268515625 0.6476307015625 0.45995705937500003 0.6477239328125 0.447803225 0.644140103125 0.4140280890625 0.6720418265625 0.42913132656249997 0.6835394609375001 0.42830900625 0.6982653953125
0 0.43037605156250003 0.7957298453125 0.4314313 0.7876761984375 0.436165071875 0.7701415046875 0.4290712140625 0.7583641765625 0.4013180296875 0.7673499921875 0.39105834375000004 0.77973331875 0.3902826296875 0.7957938546875 0.395855221875 0.8022798234374999 0.4187348328125 0.8068253328124999 0.43037605156250003 0.7957298453125
0 0.5798508953125 0.7130152843750001 0.59923839375 0.732379959375 0.607434178125 0.7374382390625 0.630360353125 0.7433182078125 0.6339922312499999 0.7325024140624999 0.6398744562500001 0.7095831312499999 0.6338824828125 0.6910866109375 0.6266487859375001 0.6753059140625 0.617071540625 0.668959790625 0.60109941875 0.670853634375 0.5918949859375 0.675183459375 0.581775065625 0.6915701578125 0.575716778125 0.7029181624999999 0.5798508953125 0.7130152843750001
0 0.7127012374999999 0.613511728125 0.702471571875 0.5884827703125 0.6876479421874999 0.5849920234375 0.6756339109375 0.5854115625 0.65570370625 0.5887798562500001 0.6474147515625 0.5810525156249999 0.6364560078125 0.57341855 0.62950195625 0.565644740625 0.61439871875 0.5541471062500001 0.5941889 0.549508365625 0.586365965625 0.5551260328125001 0.5791022421875 0.5767574718749999 0.5793352484375001 0.583429903125 0.5847680046875 0.585912503125 0.6119784734375 0.5996595109375 0.6337561578125 0.6109240687499999 0.63661235625 0.616168809375 0.6461896015625 0.6225149328125 0.6565591093750001 0.65154740625 0.673556425 0.6790123453125 0.6759165515625 0.7083245125000001 0.7070385109374999 0.7192627609375 0.717577840625 0.7148863203125 0.7261764546875 0.6932081171875 0.7237231265624999 0.6612270375 0.7192990234375001 0.6493564796875 0.714828359375 0.6361514640625 0.7127012374999999 0.613511728125
0 0.5321584125000001 0.380651496875 0.5276877468750001 0.36744648125 0.5206870921875 0.358338140625 0.5085332546875 0.3547541625 0.49928221875 0.3577494578125 0.4955571015625 0.365896265625 0.48806041093749997 0.3808553484375 0.491569028125 0.404782925 0.5063926609375 0.40827367187499997 0.52498793125 0.40495199531250003 0.5321584125000001 0.380651496875
0 0.46210510937500004 0.288233565625 0.4699280828125 0.2826158984375 0.4269454453125 0.19994153125 0.4158468609375 0.18830405156250002 0.394488590625 0.1890499 0.37792719375 0.21234217968750002 0.34947506562499997 0.2013106984375 0.33432522656249997 0.1884786078125 0.3068351453125 0.1667245671875 0.286159315625 0.14874096406249998 0.26042358125 0.1389507828125 0.24302336093750002 0.1382222546875 0.201595078125 0.138332878125 0.18175807500000002 0.144370084375 0.171451784375 0.15541888125 0.153508928125 0.17742331875 0.1657979203125 0.19167230156249998 0.18787636875 0.243029 0.241195459375 0.277242209375 0.259930540625 0.2779241234375 0.272580409375 0.2574406046875 0.3018548578125 0.25374607656250003 0.3489654453125 0.3015372984375 0.36697148125 0.31961413125 0.40022056250000004 0.353192115625 0.41637905000000003 0.3566361734375 0.42638922187499995 0.2988336015625 0.42587660625 0.284154209375 0.426745525 0.27076265781250003 0.4566723203125 0.285751040625 0.46210510937500004 0.288233565625
0 0.579748565625 0.3656284765625 0.5593057781249999 0.3543173046875 0.5470121375 0.346729884375 0.53757469375 0.3443872046875 0.53647276875 0.351106325 0.539282365625 0.3550165375 0.5600048 0.3743346703125 0.584359071875 0.382837009375 0.5841260640625 0.3761645046875 0.579748565625 0.3656284765625
0 0.4313921515625 0.4803707359375 0.4476904484375 0.48781838437499997 0.451648496875 0.48634393593749997 0.4521446046875 0.462276509375 0.45043686406249994 0.45164732656249995 0.4454535796875 0.423762846875 0.43154546875 0.408215078125 0.4141452515625 0.40748662343750003 0.40365248593749997 0.41319752187500003 0.4001604453125 0.4280166859375 0.406974696875 0.43178712656249996 0.41481417968749995 0.4649163484375 0.4313921515625 0.4803707359375
0 0.609988128125 0.46611737656249996 0.6167091734375 0.46721875468749996 0.6197818374999999 0.44038918593750004 0.6126879796875 0.42861185781250005 0.6048184015625 0.4328949234375 0.597368278125 0.4491885375 0.609988128125 0.46611737656249996
0 0.6162401296875 0.3389679046875 0.6079045765625 0.32990618125000004 0.6011368921875 0.327470271875 0.5956575390625 0.3236532890625 0.590317953125 0.3238397515625 0.6000981484375 0.37427066249999996 0.6109637265625001 0.3792357109375 0.6160702687499999 0.3723768203125 0.624808690625 0.354702134375 0.6162401296875 0.3389679046875