0 0.794455125 0.940543009375 0.8171553046875 0.8884504953125001 0.8011316234375 0.8604006921874999 0.787778628125 0.85505785 0.746384225 0.816322365625 0.7183428171874999 0.845707915625 0.69030155625 0.8710863 0.6676013765625 0.9285216546875 0.6956426375 0.9859570828124999 0.704989821875 1 0.71033105 1 0.7784314421875 1 0.7891138984375 0.9605786265624999 0.794455125 0.940543009375
0 0.8104788078125 0.88177198125 0.8131493484375 0.931193075 0.82650234375 0.977942821875 0.833178840625 0.981949915625 0.8425260265625001 0.9752714015624999 0.8398554859375 0.9766071484375001 0.855879021875 0.9285216546875 0.8665614765624999 0.9071503640625 0.879914471875 0.8750934671874999 0.8812497421875 0.8710863 0.8224965328125 0.840365075 0.818490575 0.840365075 0.8131493484375 0.85505785 0.8104788078125 0.88177198125
0 0.7744256328125 0.7455299078125 0.787778628125 0.7735797859375 0.799796353125 0.7896082343749999 0.8104788078125 0.7936154015625 0.8144846187500001 0.794951075 0.8291730312500001 0.7802583000000001 0.8371847984375 0.7575512640625 0.8425260265625001 0.7468656546875 0.818490575 0.673401778125 0.8144846187500001 0.673401778125 0.787778628125 0.6814160390625 0.7717549453125 0.7321728796875 0.7744256328125 0.7455299078125
0 0.66359541875 0.73885139375 0.6555836515625 0.749537075 0.6502424234374999 0.7575512640625 0.6529129640625 0.79895816875 0.6595894609374999 0.8096438515625 0.6756131437499999 0.8136509453125 0.6862955984375 0.804301009375 0.71033105 0.7695726921875 0.7116663187500001 0.7508727484375 0.7156722765625 0.72415861875 0.7116663187500001 0.70946584375 0.69964859375 0.698780234375 0.6836249125 0.702787328125 0.6676013765625 0.729501459375 0.66359541875 0.73885139375
0 0.026655985937499998 0.8577292703125 0.036003096875 0.8470435890625 0.026655985937499998 0.8483793359374999 0.08273872812500001 0.8029653359375001 0.0787327703125 0.77625120625 0.0453502078125 0.7842653937499999 0.021314757812499998 0.8096438515625 0.0106323765625 0.8256722999999999 0.0026205359375 0.840365075 0 0.8884504953125001 0.026655985937499998 0.8577292703125
0 0.1508391203125 0.8283437203125 0.129474284375 0.8430364953125 0.11879190312500001 0.8644077859375001 0.0987623359375 0.895129009375 0.0854092671875 0.9165003 0.0733915421875 0.9498930171875 0.08807988125 0.9579072046875 0.094756453125 0.9579072046875 0.1321448984375 0.9191717203125 0.1481685078125 0.8991361765624999 0.16953341718749998 0.8684148796875 0.166862803125 0.8430364953125 0.1508391203125 0.8283437203125
0 0.4926767265625 0.85505785 0.47398250312499995 0.8189937859375 0.47398250312499995 0.812315271875 0.4873354984375 0.7562155890625 0.4833295421875 0.7188158515625 0.467305859375 0.69343739375 0.4659705890625 0.634666365625 0.43792932812499996 0.629323525 0.43125268281249995 0.63333061875 0.411223190625 0.65603765625 0.40588196249999997 0.6667232640625 0.401876153125 0.6774089453125 0.401876153125 0.7081301703125 0.411223190625 0.7428585609375 0.4272468734375 0.75354416875 0.42991741406250006 0.8109795249999999 0.40321142343750005 0.8336865609374999 0.375170015625 0.8617363656249999 0.3457933375 0.8937933359375 0.32309323125 0.9191717203125 0.3043990078125 0.9432144296875 0.28837532499999996 0.9872927562499999 0.284369440625 0.9872927562499999 0.42190564531249997 1 0.4365939109375 0.996642690625 0.4339233703125 0.9619143734375 0.44059986875 0.9298574015625001 0.45795882031249996 0.9205074671875 0.4926767265625 0.85505785
0 0.578136071875 0.5758952640625 0.566118346875 0.605280815625 0.547424125 0.6466877203125 0.566118346875 0.673401778125 0.5754653859375 0.6774089453125 0.5834773 0.6787446187499999 0.6075127499999999 0.6306591984375001 0.63955996875 0.613295003125 0.6542483812500001 0.5986022265625001 0.66359541875 0.5785666843749999 0.6489071531249999 0.5612024890625 0.6208657453125 0.5612024890625 0.5995008359375 0.5705524234375 0.578136071875 0.5758952640625
0 0.6769484140625 0.5024313874999999 0.646236465625 0.54250261875 0.646236465625 0.5451740390625 0.64223065625 0.5571953953125 0.668936646875 0.5919237125000001 0.680954371875 0.5772309375 0.6956426375 0.5785666843749999 0.7063250921875001 0.5772309375 0.71433700625 0.5558596484375 0.7236840453125 0.5211313296875 0.731695959375 0.5171241625 0.7183428171874999 0.49842429218750006 0.6943073671875 0.49842429218750006 0.6769484140625 0.5024313874999999
0 0.7557314093749999 0.5799023578125 0.763743178125 0.6079522359375 0.775760903125 0.61863784375 0.791784584375 0.619973590625 0.7984610828125 0.61463075 0.8038023093750001 0.5919237125000001 0.7931198546875 0.5799023578125 0.785107940625 0.5785666843749999 0.767749134375 0.57322384375 0.7557314093749999 0.5799023578125
0 0.6796191015625 0.379546453125 0.672942603125 0.3888963875 0.6742778734375 0.40492487343750005 0.67828383125 0.4142748078125 0.6943073671875 0.4249604515625 0.705437028125 0.4314110875 0.7156722765625 0.4276318734375 0.7357017703125 0.408932003125 0.741042996875 0.4009177421875 0.7477194953125 0.3782107421875 0.737037040625 0.3742036109375 0.71433700625 0.367525096875 0.6956426375 0.3728679015625 0.6796191015625 0.379546453125
0 0.72635473125 0.300739771875 0.722348775 0.29005412656249996 0.7009838640625 0.2807041921875 0.668936646875 0.28203990156250003 0.656918921875 0.2860470328125 0.6435659265625 0.29005412656249996 0.6208657453125 0.2913898359375 0.595495025 0.300739771875 0.5914890671874999 0.315432546875 0.5914890671874999 0.3274539015625 0.5941597546875 0.3474895171875 0.586147840625 0.35550374218749997 0.578136071875 0.3661893875 0.5701243046875 0.3728679015625 0.5581065796875 0.38756067656250004 0.5527653515625001 0.40759629375 0.5581065796875 0.4156105171875 0.5794713421875 0.4236247421875 0.586147840625 0.4236247421875 0.588818528125 0.41828193750000003 0.60350679375 0.3915678078125 0.61552451875 0.3701965171875 0.6208657453125 0.367525096875 0.62754224375 0.3581751625 0.656918921875 0.348825190625 0.6849603281250001 0.3327967421875 0.71433700625 0.3314610328125 0.72635473125 0.300739771875
0 0.3578110625 0.495752871875 0.365822903125 0.4997600390625 0.3805112421875 0.507774228125 0.40454669218749995 0.5051028078125 0.40855265 0.49041003125 0.40588196249999997 0.4717101625 0.3818465125 0.463695975 0.3684935171875 0.46770306875 0.35914640625 0.47438158281250004 0.3551404484375 0.4864029375 0.3578110625 0.495752871875
0 0.3497992953125 0.5945951328125 0.353805178125 0.5785666843749999 0.29638716718749997 0.5665453296875 0.281698828125 0.5665453296875 0.268345759375 0.5652095828125 0.284369440625 0.5358241046875001 0.2870400546875 0.5304812640625001 0.281698828125 0.5224670031249999 0.19757475156249998 0.5625381625 0.1855570265625 0.57322384375 0.1855570265625 0.5945951328125 0.20825713281249997 0.6119593296875 0.1962394078125 0.6400091328124999 0.18288641249999998 0.6547019093750001 0.1601862328125 0.6814160390625 0.141492009375 0.7014516546875 0.13080962812500002 0.7268300390625 0.129474284375 0.744194234375 0.1281390140625 0.7856011406250001 0.13348024218750001 0.80563675625 0.1441626234375 0.816322365625 0.165527459375 0.835022234375 0.1801966421875 0.8232380109375 0.23229258281249998 0.8029653359375001 0.268345759375 0.7508727484375 0.26968110312500004 0.7321728796875 0.2496515359375 0.7188158515625 0.246980921875 0.6894302999999999 0.29638716718749997 0.6440163 0.3150813890625 0.6266521046875 0.3497992953125 0.5945951328125
0 0.3457933375 0.4570173875 0.3524699078125 0.45835313437499997 0.35647579218750003 0.4556817140625 0.37650535937499996 0.43564609687500006 0.38585247031250003 0.41160338750000003 0.3791758984375 0.41160338750000003 0.3684935171875 0.4156105171875 0.35647579218750003 0.43564609687500006 0.3484639515625 0.4476674515625 0.3457933375 0.4570173875
0 0.40588196249999997 0.5652095828125 0.40454669218749995 0.582573778125 0.4098879203125 0.593259459375 0.4245761859375 0.597266553125 0.42858214375000003 0.5905880390625 0.46196477812500003 0.5839095249999999 0.47798831406250003 0.567881003125 0.486000228125 0.551852553125 0.48466481093749997 0.5478454593750001 0.4606293609375 0.5465097125 0.449947053125 0.5478454593750001 0.42190564531249997 0.551852553125 0.40588196249999997 0.5652095828125
0 0.469976546875 0.3888963875 0.471311815625 0.3822178734375 0.444605825 0.3782107421875 0.4325881 0.38488925625000003 0.4365939109375 0.3929035171875 0.45261759375 0.4009177421875 0.469976546875 0.3888963875
0 0.32709911406250003 0.398246321875 0.32709911406250003 0.4035891625 0.377840628125 0.3955749375 0.38318185625 0.38488925625000003 0.37650535937499996 0.379546453125 0.35914640625 0.3701965171875 0.3431227234375 0.3782107421875 0.3337756125 0.3862249671875 0.33110499843749996 0.3929035171875 0.32709911406250003 0.398246321875