0 0.35505540625 0.936705959375 0.32938040156250004 0.880537353125 0.30004936875 0.856661315625 0.27050846875 0.8287836109375 0.23119805468750002 0.869632425 0.21814298124999998 0.8756667874999999 0.2036092734375 0.9045167640624999 0.22900465468750003 0.9553498515625 0.2353871453125 0.975078471875 0.24356260000000002 1 0.327410009375 1 0.3300585125 0.9955302406250001 0.35505540625 0.936705959375
0 0.19575876875 0.85677678125 0.13869390312500002 0.890530809375 0.1402370625 0.8944626015624999 0.1552494875 0.9257767234375001 0.1670357890625 0.94655965 0.18555396562499998 0.9937406375 0.18281717656250002 0.9925464859375 0.19250107968750002 0.9987266531250001 0.1989587109375 0.9943756296874999 0.2098467140625 0.9469911109375 0.20992709375000002 0.8974979812500001 0.2058621046875 0.8709602265624999 0.1997592375 0.856567125 0.19575876875 0.85677678125
0 0.19502151875 0.689622990625 0.191021053125 0.6898326453125 0.17086334375 0.7644537609375 0.17675649375 0.7748451875 0.185945675 0.7971018015625 0.20138291874999997 0.8110057078124999 0.20531333593749998 0.8094622171875001 0.21577143125 0.804901465625 0.22693382187500002 0.7882660234375 0.23880050000000003 0.7595557453125 0.240768475 0.74607725 0.22211034375 0.696228584375 0.19502151875 0.689622990625
0 0.311028371875 0.7089566125 0.2995863578125 0.7202565375 0.29635485 0.73513883125 0.301753428125 0.7616066953125 0.30406554531249996 0.780211128125 0.32988559687499996 0.8136339343750001 0.34104275 0.8224119796875 0.3568347578125 0.8175717625000001 0.36294285937500004 0.8065513031249999 0.3634426703125 0.7650613796875 0.35768933125 0.7573377125 0.34912929843749996 0.747085978125 0.34463949375 0.7379585140625 0.3272398078125 0.7121196000000001 0.311028371875 0.7089566125
0 0.9689040109375 0.7600812859375 0.9351477687499999 0.753825190625 0.9325454109375 0.7807123640625 0.9909280781250001 0.8231289828125 0.9815238703125001 0.82228425625 0.9914174156250001 0.832466103125 1 0.841370003125 1 0.79190681875 0.9942347281249999 0.7841670453125 0.9689040109375 0.7600812859375
0 0.8722384921874999 0.8801757374999999 0.889288721875 0.8993452109375 0.9286531859375 0.9360708499999999 0.9353206078125 0.935721425 0.9495693875000001 0.9269494921874999 0.9358204921875 0.8942314984375 0.9213672359375 0.8735883421875 0.8997572937499999 0.8439574875 0.887971065625 0.8231745578125 0.86586655 0.8096200687499999 0.8506337875 0.8251313218749999 0.849295034375 0.8506146953125 0.8722384921874999 0.8801757374999999
0 0.5901608046875 0.9578231515625 0.5893114640625 0.992643640625 0.6041553078125 0.9952276250000001 0.740837978125 0.97533970625 0.7368375828125 0.975549359375 0.7185289781249999 0.9323700546874999 0.6986020765625 0.9093386750000001 0.674604878125 0.885183103125 0.643590728125 0.8547075218750001 0.6141197359375 0.8281637328125001 0.5862619515625 0.8068854984374999 0.585922896875 0.749389090625 0.601365378125 0.7378795125 0.6088820625 0.7027095296875 0.6072742390625 0.6720304078125 0.6027146734375 0.6615690187500001 0.5968215234375001 0.6511775921875 0.5756310874999999 0.6295499375 0.5687538765625 0.6258977640625 0.5410306671875 0.6327008484375 0.5427730656249999 0.691461215625 0.5280995484375001 0.7176435078125001 0.5260564328124999 0.7552016453125 0.542327159375 0.8105256046875 0.5426766859375001 0.8171949656249999 0.5258955296875001 0.854187984375 0.5639912234375 0.9177309109375 0.5818157234375 0.9261595343750001 0.5901608046875 0.9578231515625
0 0.35450000937500004 0.5689118109375 0.34074064531250003 0.587020934375 0.351123453125 0.6065398328125 0.3665606953125 0.6204437406250001 0.3994727671875 0.6361069171875 0.4259918734375 0.6828685203125 0.43392290312500004 0.681115365625 0.4430474140625 0.6766245046875 0.46031791093749996 0.6489686765625 0.43948223750000004 0.6085968984375 0.4259430625 0.5798805781249999 0.40432795468749994 0.5756632046875 0.3825029875 0.5674442375 0.35450000937500004 0.5689118109375
0 0.26951778125 0.5292267234375 0.277728434375 0.5328090890625 0.288880203125 0.5670006265625 0.2979996234375 0.587923315625 0.308737346875 0.58869815625 0.323335575 0.586595515625 0.336105790625 0.6006391953125 0.3609576421875 0.5645607890625 0.3563281734375 0.5527655546875 0.3561883609375 0.5500977953125 0.3234213359375 0.5116888203125 0.3058764578125 0.5085957140625 0.2818739484375 0.50985363125 0.26951778125 0.5292267234375
0 0.21146362187499998 0.5951335624999999 0.20142495624999998 0.60769751875 0.20794725781249998 0.6300938984375 0.214894228125 0.6350799968749999 0.2308260421875 0.632907465625 0.24226805625 0.6216075421875 0.24880082812499998 0.5931768015625 0.23645004687500001 0.5871364 0.219394653125 0.5933804078125 0.21146362187499998 0.5951335624999999
0 0.2567041359375 0.3867815703125 0.2462460390625 0.3913422875 0.2541017796875 0.413668746875 0.2598551203125 0.4213924859375 0.2808358390625 0.43901846562499997 0.29125485 0.4422568296875 0.3020316578125 0.435232553125 0.31747399062500004 0.4237229453125 0.3209851203125 0.4141761703125 0.3214796953125 0.3980997671875 0.314323009375 0.3891120671875 0.2979719046875 0.3832812765625 0.279023534375 0.37892418125 0.2567041359375 0.3867815703125
0 0.33538425156249996 0.357244871875 0.36521000937500003 0.36504457343749996 0.372366696875 0.3740322734375 0.3778404140625 0.37642049375000003 0.39096015624999997 0.39713353749999997 0.4070264015625 0.42304233125 0.40997304999999995 0.42823804218749995 0.4166403984375 0.4278886203125 0.4375564484375 0.4187672328125 0.442470925 0.41048445468750006 0.43608843437499994 0.390755834375 0.42331821875 0.37671215468749997 0.4149679046875 0.370462096875 0.40640787187500005 0.36021039843749997 0.39798750625 0.35262646875 0.39960595 0.3324785375 0.39897680156250004 0.3204736578125 0.3942073734375 0.306010675 0.368382084375 0.298001353125 0.3456431078125 0.297855509375 0.33209869687500004 0.29455275 0.31988772499999996 0.29118006875 0.287814521875 0.2915234125 0.266968228125 0.3019786859375 0.2635270046875 0.3128593421875 0.2771360875 0.3429095421875 0.3065424109375 0.3427059640625 0.33538425156249996 0.357244871875
0 0.6296359671875 0.4608648125 0.61609155625 0.45756205312500003 0.5925084765624999 0.46682317500000003 0.590820125 0.4856371890625 0.5955895531250001 0.500100175 0.619731875 0.501510015625 0.633980653125 0.49273808125 0.6417717953125 0.4883170984375 0.6439494109375 0.47884020937500005 0.63931979375 0.467044984375 0.6296359671875 0.4608648125
0 0.762586340625 0.675928696875 0.76145730625 0.7054137453125 0.7421542421875 0.7198007343749999 0.74446643125 0.7384050906249999 0.7831965140625 0.788539409375 0.8362820484375 0.8060578093749999 0.8515478671875 0.8170581578125 0.8719047468750001 0.7972657671875 0.8820132468749999 0.7860357296875 0.886298571875 0.7657480343749999 0.8827980625 0.7244677562499999 0.8805557765625001 0.7071972453125001 0.8685598328124999 0.6824127140625 0.8488426468749999 0.6633829359375001 0.8247754671875 0.637893453125 0.8106718109375001 0.6239196546875 0.7972025421875 0.5965372515625 0.8189627671874999 0.5780088203125 0.8178442796875001 0.55666681875 0.8052837796875 0.5466247421875 0.7191778296875 0.5110112124999999 0.7142633578125 0.519294028125 0.717209934375 0.524489778125 0.734749571875 0.5529963687499999 0.7214847109375 0.55502913125 0.7068165015625001 0.5557978593749999 0.6501063296875 0.570807765625 0.6549455859375 0.5866045953125 0.6912936453125 0.616800640625 0.71087101875 0.6331626578125 0.762586340625 0.675928696875
0 0.626909653125 0.40884365312500004 0.6160321953125 0.40540108750000003 0.6093647734375 0.40575051249999994 0.619957371875 0.42927108125 0.6410080734375 0.44823097343749996 0.645148278125 0.45068908125 0.6517457921875 0.449005740625 0.6485895 0.4398083875 0.6399594890625 0.42822281562500003 0.626909653125 0.40884365312500004
0 0.5417508125 0.544385471875 0.5178182109375 0.5469773078125 0.5166943390625 0.5510488 0.5255341375 0.566635971875 0.54237458125 0.5818039203125001 0.5760609921875 0.58672616875 0.5804109859375 0.593185875 0.5948694078125001 0.5884155484375 0.5996440703125 0.5774649734375 0.5974018578125 0.5601944578125 0.5807010828125 0.5476943484375 0.5524883890625001 0.5451603203125 0.5417508125 0.544385471875
0 0.5612950828125001 0.38151894531249997 0.5489443015625 0.37547854375 0.522484628125 0.380877865625 0.52416759375 0.3874773453125 0.5421319062500001 0.398573728125 0.557714196875 0.3897318703125 0.5612950828125001 0.38151894531249997
0 0.650288325 0.37016732812500003 0.6338671687499999 0.36300270156250003 0.6170213437500001 0.3732483203125 0.6106336171875 0.378933221875 0.616526771875 0.3893247203125 0.667618178125 0.39467235624999997 0.6673385546875 0.3893368390625 0.663058540625 0.3842110078125 0.6600420578125 0.3776813796875 0.650288325 0.37016732812500003