0 0.978833221875 0.712483115625 0.9224114078125 0.68245446875 0.864218815625 0.7031363546875 0.837877265625 0.730274840625 0.807530984375 0.7572736250000001 0.8447982296875001 0.7999946609374999 0.8496718031249999 0.8135259843749999 0.8771453015624999 0.8305188296875 0.9299983062500001 0.8096504796874999 0.950208125 0.8050117406249999 0.9899782968749999 0.7957115781249999 0.9923549656249999 0.7276526703124999 0.992541371875 0.7223146953125 0.978833221875 0.712483115625
0 0.8289027671874999 0.834178646875 0.8575548203125001 0.8939682203125001 0.861606146875 0.8927736109375 0.894109528125 0.8805475203125 0.9158406125 0.8706174203125 0.9644560265625 0.8562818046875 0.96302789375 0.8589041015625 0.9700285515625 0.8497956859375 0.9662569046874999 0.8429834109375 0.9200016484375 0.8280070078125 0.8707038624999999 0.823613321875 0.843912803125 0.8253499265625001 0.8290425734375001 0.8301751296875001 0.8289027671874999 0.834178646875
0 0.6623207921875001 0.8203446781249999 0.6621809859375001 0.82434819375 0.734761284375 0.85093285625 0.745626790625 0.8459678046875 0.7685996015625001 0.8387533812499999 0.78379604375 0.8245866875000001 0.7826009843749999 0.8205367015625 0.7789690703125001 0.8097209062499999 0.7633698 0.79715111875 0.735803021875 0.7828273296875 0.7225473359375 0.779692115625 0.6712621953125 0.79393465 0.6623207921875001 0.8203446781249999
0 0.6916915078125 0.706464303125 0.7019511953124999 0.7188476296874999 0.7164952140625 0.7233639171874999 0.743332875 0.720292709375 0.7620680281250001 0.7196108734375 0.7976140140625 0.6968020640625 0.8073310671874999 0.6864524249999999 0.8038856328125 0.6702986578125001 0.793439465625 0.6632533031250001 0.7521509859375 0.659139309375 0.743955271875 0.6641975921875 0.73299649375 0.6718315546875 0.7235124500000001 0.6755087640624999 0.6962553781249999 0.690590228125 0.6916915078125 0.706464303125
0 0.84255259375 0.0222962859375 0.8261610984375001 0.032412775 0.7999592765625 0.055547887500000004 0.7907849359375 0.08863042343750001 0.8173429859375 0.09356624999999999 0.86468658125 0.039102598437500004 0.8630254374999999 0.0483973984375 0.87403081875 0.03942890625 0.9056636093750001 0.0138613125 0.8575160265624999 0.0148020953125 0.84255259375 0.0222962859375
0 0.911171775 0.1623124859375 0.9317543296874999 0.14699786718750002 0.97177105625 0.110984046875 0.9720040640625 0.10431154218750001 0.964507375 0.0893524609375 0.9307155874999999 0.10019747500000001 0.9088913 0.1127965625 0.87748976875 0.1317417734375 0.8557586875000001 0.1416718 0.8403292406249999 0.16251085 0.854453846875 0.1790375421875 0.87972356875 0.182592221875 0.911171775 0.1623124859375
0 0.9943815046875001 0.3055105125 0.9497708109375 0.3199861234375 0.9250903296875 0.3378298796875 0.8989351828125001 0.359630465625 0.865872509375 0.387870475 0.8368611609375 0.41491587812499997 0.81323593125 0.4408131359375 0.7559287640625 0.43613975624999995 0.7458088843749999 0.4197529125 0.71142785625 0.409199565625 0.6807253453125 0.40812741093750005 0.6699063734374999 0.41175785468750004 0.65904086875 0.41672290624999997 0.63564864375 0.4359477328125 0.6314109796875 0.442480465625 0.6357719390625001 0.47069110781249995 0.694460565625 0.47407664374999997 0.7192643453125 0.4909762609375 0.75650149375 0.4962850078125 0.8130330156250001 0.48489799843750003 0.8197074609375001 0.48513107499999997 0.8550971374999999 0.505072528125 0.921718521875 0.47265992968750004 0.9316685781249999 0.45563786093749997 0.963939028125 0.45008420156250006 0.9985529906249999 0.45396511562499997 1 0.44851727812500003 1 0.3971439359375 0.994521309375 0.30150706875 0.9943815046875001 0.3055105125
0 0.5559684218750001 0.6509523796875001 0.5728094265625 0.6662376984375 0.5931589703125 0.6575955859375 0.6083554140625 0.643428890625 0.6268274640625 0.6120071968749999 0.6757224171875 0.5896645453125 0.67466716875 0.581610896875 0.67098865 0.5721297046875 0.644943284375 0.5525145625000001 0.602909184375 0.5697523171875 0.573122121875 0.5807371796874999 0.5670369156249999 0.6019024671875 0.556947053125 0.622928053125 0.5559684218750001 0.6509523796875001
0 0.5090276578124999 0.732152440625 0.513311996875 0.7242852562500001 0.5483453671875 0.7161559109375 0.5699832484375 0.7088947250000001 0.57169099375 0.6982653953125 0.5708686734375 0.6835394609375001 0.5859719109375 0.6720418265625 0.552196775 0.644140103125 0.540042940625 0.6477239328125 0.5373731484375 0.6476307015625 0.4962544953125 0.6769254765625 0.4916440234375 0.694134009375 0.49080519687499996 0.7181548171875 0.5090276578124999 0.732152440625
0 0.5696239484375 0.7957298453125 0.5812651671875 0.8068253328124999 0.604144778125 0.8022798234374999 0.6097173703125 0.7957938546875 0.6089416562500001 0.77973331875 0.5986819703124999 0.7673499921875 0.5709287859375001 0.7583641765625 0.563834928125 0.7701415046875 0.5685686999999999 0.7876761984375 0.5696239484375 0.7957298453125
0 0.36600776874999996 0.7325024140624999 0.369639646875 0.7433182078125 0.392565821875 0.7374382390625 0.40076160625 0.732379959375 0.4201491046875 0.7130152843750001 0.424283221875 0.7029181624999999 0.41822493437499997 0.6915701578125 0.4081050140625 0.675183459375 0.39890058125 0.670853634375 0.38292845937500003 0.668959790625 0.3733512140625 0.6753059140625 0.3661175171875 0.6910866109375 0.36012554375 0.7095831312499999 0.36600776874999996 0.7325024140624999
0 0.343440890625 0.65154740625 0.3538103984375 0.6225149328125 0.36338764375 0.616168809375 0.3662438421875 0.6109240687499999 0.3880215265625 0.5996595109375 0.4152319953125 0.585912503125 0.4206647515625 0.583429903125 0.42089775781250005 0.5767574718749999 0.41363403437499996 0.5551260328125001 0.40581110000000004 0.549508365625 0.38560128125 0.5541471062500001 0.37049804375 0.565644740625 0.3635439921875 0.57341855 0.3525852484375 0.5810525156249999 0.34429629375 0.5887798562500001 0.32436608906250003 0.5854115625 0.3123520578125 0.5849920234375 0.297528428125 0.5884827703125 0.28729876249999997 0.613511728125 0.285171640625 0.6361514640625 0.28070097656250004 0.6493564796875 0.27627687343749996 0.6612270375 0.2738235453125 0.6932081171875 0.282422159375 0.7148863203125 0.29296148906249997 0.7192627609375 0.32408344843750003 0.7083245125000001 0.326443575 0.6790123453125 0.343440890625 0.65154740625
0 0.47231225312499997 0.36744648125 0.4678415875 0.380651496875 0.47501206875 0.40495199531250003 0.49360733906250004 0.40827367187499997 0.508430971875 0.404782925 0.5119395890625 0.3808553484375 0.5044428984375 0.365896265625 0.50071778125 0.3577494578125 0.4914667453125 0.3547541625 0.4793129078125 0.358338140625 0.47231225312499997 0.36744648125
0 0.6981451421875 0.25374607656250003 0.7274195906250001 0.2574406046875 0.740069459375 0.2779241234375 0.758804540625 0.277242209375 0.8121236312500001 0.243029 0.8342020796874999 0.19167230156249998 0.846491071875 0.17742331875 0.8285482156249999 0.15541888125 0.818241925 0.144370084375 0.798404921875 0.138332878125 0.7569766390625 0.1382222546875 0.73957641875 0.1389507828125 0.713840684375 0.14874096406249998 0.6931648546875 0.1667245671875 0.6656747734375 0.1884786078125 0.650524934375 0.2013106984375 0.62207280625 0.21234217968750002 0.605511409375 0.1890499 0.5841531390625 0.18830405156250002 0.5730545546875 0.19994153125 0.5300719171875 0.2826158984375 0.537894890625 0.288233565625 0.5433276796875 0.285751040625 0.5732544749999999 0.27076265781250003 0.57412339375 0.284154209375 0.573610778125 0.2988336015625 0.58362095 0.3566361734375 0.5997794375 0.353192115625 0.63302851875 0.31961413125 0.6510345546874999 0.3015372984375 0.6981451421875 0.25374607656250003
0 0.420251434375 0.3656284765625 0.4158739359375 0.3761645046875 0.41564092812500003 0.382837009375 0.4399952 0.3743346703125 0.460717634375 0.3550165375 0.46352723124999995 0.351106325 0.46242530625 0.3443872046875 0.4529878625 0.346729884375 0.440694221875 0.3543173046875 0.420251434375 0.3656284765625
0 0.5478553953125 0.462276509375 0.5483515031249999 0.48634393593749997 0.5523095515625001 0.48781838437499997 0.5686078484375 0.4803707359375 0.5851858203125 0.4649163484375 0.593025303125 0.43178712656249996 0.5998395546874999 0.4280166859375 0.5963475140625001 0.41319752187500003 0.5858547484375001 0.40748662343750003 0.56845453125 0.408215078125 0.5545464203125 0.423762846875 0.5495631359375001 0.45164732656249995 0.5478553953125 0.462276509375
0 0.3873120203125 0.42861185781250005 0.38021816249999996 0.44038918593750004 0.3832908265625 0.46721875468749996 0.39001187187499997 0.46611737656249996 0.402631721875 0.4491885375 0.3951815984375 0.4328949234375 0.3873120203125 0.42861185781250005
0 0.3837598703125 0.3389679046875 0.375191309375 0.354702134375 0.38392973124999996 0.3723768203125 0.3890362734375 0.3792357109375 0.3999018515625 0.37427066249999996 0.409682046875 0.3238397515625 0.40434246093750004 0.3236532890625 0.3988631078125 0.327470271875 0.3920954234375 0.32990618125000004 0.3837598703125 0.3389679046875